gobepc:
	03 70 01 0049
	03 70 06 fffc
	02 d0 003f 01
debut: 02 90 00000000 07
	09 0037

goboucle0: 01 00000042
		0a 94 fffb 03 01
		0b 64 01 ff53 03
		04 54 03 04 03
		08 54 05 03 06
		09 000d
		02 90 00000000 07
		09 ffdb
finboucle0:	08 54 03 03 03
		09 ff31

buff: 	03 50 01 01

0b 6801
0007 0001 0100 0000 420b 6802 ffb6 ffc4
0290 0000 0004 0403 7002 0200 0290 0000
0030 050b 6801 ffa6 0001 0b68 0100 9600
010b 6801 0023 0001 0b68 0100 2100 010b
6801 001f 0001 0b68 0100 1d00 010b 6801
001b 0001 0100 0000 4201 0000 0042 0100
0000 4201 0000 0042 0100 0000 4209 ffe7
0854 0303 030b 6801 0007 0001 0100 0000
420c ffd3 0b68 0100 1c00 010b 6801 0015
0009 0b68 0100 0e00 110b 6801 0007 0019
0100 0000 420c ff24 0100 0000 420c fff3
0100 0000 420c 000b 0100 0000 4209 ff0c
0100 0000 420a 94ff fb03 010b 6401 0011
0304 5403 0403 0854 0503 0609 000d 0290
0000 0000 0709 ffdb 0854 0303 0309 0001